%YAML:1.0
---
K: !!opencv-matrix
   rows: 3
   cols: 3
   dt: d
   data: [ 1.1548325220775018e+03, 0., 9.2396907823760955e+02, 0.,
       1.1576057453960880e+03, 5.4407933285498098e+02, 0., 0., 1. ]
D: !!opencv-matrix
   rows: 1
   cols: 5
   dt: d
   data: [ -1.9084368568643352e-02, 6.7358547754656817e-01,
       -1.0867228970349622e-03, -1.7271313745325118e-03,
       -1.3519765740984293e+00 ]
